-1.723883867263794
-1.4878973960876465
-1.7508821487426758
-1.6759865283966064
-1.8743374347686768
-1.88309645652771
-1.8074129819869995
-1.5928959846496582
-1.682558536529541
-1.7463023662567139
-1.5793285369873047
-1.8161541223526
-1.6091575622558594
-1.6986223459243774
-1.8984929323196411
-1.8355255126953125
-1.8435392379760742
-1.7878599166870117
-1.576460599899292
-1.491918921470642
-1.7861257791519165
-1.7739096879959106
-1.9025341272354126
-1.6606848239898682
-1.8300199508666992
-1.5273921489715576
-1.717550277709961
-1.741257667541504
-1.6643059253692627
-1.6938687562942505
-1.8476930856704712
-1.6217061281204224
-1.6603307723999023
-1.5077455043792725
-1.7058297395706177
-1.5344712734222412
-1.8192336559295654
-1.8488632440567017
-1.8627886772155762
-1.686577320098877
-1.5378539562225342
-1.8450597524642944
-1.6016197204589844
-1.6479289531707764
-1.7325892448425293
-1.608662486076355
-1.8894836902618408
-1.7143146991729736
-1.8225164413452148
-1.5377627611160278
-1.6391007900238037
-1.6924948692321777
-1.6211590766906738
-1.8773925304412842
-1.7618846893310547
-1.8326709270477295
-1.830003023147583
-1.6862397193908691
-1.7464511394500732
-1.7523362636566162
-1.762819766998291
-1.6144038438796997
-1.4788373708724976
-1.8026883602142334
-1.7644903659820557
-1.7348791360855103
-1.3846523761749268
-1.7894816398620605
-1.8342914581298828
-1.8719217777252197
-1.6384365558624268
-1.8611516952514648
-1.6466690301895142
-1.7325425148010254
-1.8113338947296143
-1.7348551750183105
-1.4795886278152466
-1.8028823137283325
-1.71822988986969
-1.7230563163757324
-1.8815624713897705
-1.7264386415481567
-1.8967032432556152
-1.7704271078109741
-1.8035775423049927
-1.6069400310516357
-1.7686436176300049
-1.6734716892242432
-1.9256231784820557
-1.81035578250885
-1.7707127332687378
-1.808586835861206
-1.6137629747390747
-1.9197587966918945
-1.7846252918243408
-1.6752755641937256
-1.6910172700881958
-1.8568447828292847
-1.6771223545074463
-1.8028597831726074
