-1.381976842880249
-1.680834412574768
-1.665716528892517
-1.730080246925354
-1.6241061687469482
-1.4201444387435913
-1.766237497329712
-1.5590541362762451
-1.8034871816635132
-1.834688663482666
-1.8775115013122559
-1.7005668878555298
-1.8033169507980347
-1.8528127670288086
-1.6881444454193115
-1.8557448387145996
-1.5738136768341064
-1.4311250448226929
-1.529244303703308
-1.6542165279388428
-1.6178432703018188
-1.6692662239074707
-1.8108994960784912
-1.763204574584961
-1.5472663640975952
-1.9072294235229492
-1.666729211807251
-1.7480213642120361
-1.8163247108459473
-1.8264729976654053
-1.7558029890060425
-1.4044572114944458
-1.7217415571212769
-1.8316407203674316
-1.8875021934509277
-1.655388355255127
-1.9805116653442383
-1.735758662223816
-1.6573024988174438
-1.8777425289154053
-1.8837833404541016
-1.801788091659546
-1.7001854181289673
-1.6395882368087769
-1.8052395582199097
-1.818928599357605
-1.7932021617889404
-1.7485264539718628
-1.7899435758590698
-1.6519443988800049
-1.9015041589736938
-1.5092570781707764
-1.5807843208312988
-1.7210170030593872
-1.85076904296875
-1.637037754058838
-1.7350378036499023
-1.675159215927124
-1.8643412590026855
-1.6615585088729858
-1.5319726467132568
-1.6836795806884766
-1.7036640644073486
-1.9208214282989502
-1.7760943174362183
-1.6650744676589966
-1.6310853958129883
-1.657524824142456
-1.7075165510177612
-2.0072009563446045
-1.783311128616333
-1.6460915803909302
-1.824832558631897
-1.580267310142517
-1.6558748483657837
-1.224042534828186
-1.656473159790039
-1.6650505065917969
-1.644364833831787
-1.6744792461395264
-1.784879446029663
-1.6216669082641602
-1.6205964088439941
-1.9906291961669922
-1.7808516025543213
-1.9764690399169922
-1.4959685802459717
-1.8245556354522705
-1.8799868822097778
-1.7709697484970093
-1.596329927444458
-1.313636302947998
-1.5210012197494507
-1.868492841720581
-1.6793007850646973
-1.7416565418243408
-1.8744113445281982
-1.735137939453125
-1.9599040746688843
-1.7535197734832764
