-1.4245351552963257
-1.5055327415466309
-0.9935484528541565
-1.1606800556182861
-0.9503682255744934
-1.404371738433838
-1.004499912261963
-1.4611198902130127
-1.6356775760650635
-1.4637181758880615
-1.5257922410964966
-1.323258638381958
-1.323258638381958
-1.5170913934707642
-0.8959727883338928
-1.6203083992004395
-1.292144775390625
-1.3034112453460693
-1.1940929889678955
-1.1869527101516724
-1.4333233833312988
-1.3091380596160889
-0.7840680480003357
-1.226720929145813
-1.3704116344451904
-1.2416009902954102
-0.8300325870513916
-0.9015713930130005
-1.004499912261963
-1.3381521701812744
-1.3219407796859741
-1.3567633628845215
-1.1940929889678955
-1.1940929889678955
-1.004499912261963
-1.323258638381958
-1.3829169273376465
-1.1573688983917236
-1.6556181907653809
-1.2416009902954102
-1.004499912261963
-0.9935954213142395
-1.3208715915679932
-1.6958980560302734
-1.2409402132034302
-1.0520360469818115
-1.0085110664367676
-0.6276963949203491
-1.378037929534912
-1.2837042808532715
-1.3828741312026978
-1.5662342309951782
-1.1627323627471924
-1.1940929889678955
-1.4711283445358276
-1.530066967010498
-1.4780199527740479
-1.004499912261963
-0.8186227083206177
-1.3279436826705933
-1.422119379043579
-1.4000399112701416
-1.1940929889678955
-1.3524953126907349
-1.3476520776748657
-1.2996819019317627
-1.1893929243087769
-1.4711283445358276
-1.004499912261963
-1.3638076782226562
-1.341827154159546
-1.3404655456542969
-1.2557477951049805
-1.372983455657959
-1.7200376987457275
-1.1940929889678955
-1.1940929889678955
-1.3919432163238525
-0.7948618531227112
-1.4653136730194092
-0.7444300055503845
-1.1940929889678955
-1.6195679903030396
-1.226720929145813
-0.7768850922584534
-1.4711283445358276
-0.7444300055503845
-0.9923327565193176
-1.1940929889678955
-0.9875454306602478
-1.226720929145813
-1.5964179039001465
-1.2409402132034302
-1.7200376987457275
-0.7246443629264832
-1.7651150226593018
-1.3806966543197632
-1.4308407306671143
-1.5157461166381836
-0.6598300337791443
